                measure                 | value 
----------------------------------------+-------
 Bristol snapshot weeks                 |    78
 Other sites, snapshot weeks each       |   104
 Bristol snapshot weeks in 2025         |    52
 Bristol SKUs stocked                   |    90
 Bristol demand lines since opening     |  4583
 Bristol demand lines, March-April 2025 |   596
(6 rows)

 year | quarter | quarter_of_trading | weeks | average_stock_gbp | mean_cover_weeks | demand_lines | demand_units | line_fill_rate_pct | unmet_value_gbp | zero_days | zero_days_per_sku_week 
------+---------+--------------------+-------+-------------------+------------------+--------------+--------------+--------------------+-----------------+-----------+------------------------
 2024 | Q3      |                  1 |    13 |            129472 |             11.5 |          725 |        16080 |              85.10 |           59997 |       498 |                  0.426
 2024 | Q4      |                  2 |    13 |            225898 |             18.5 |          766 |        14277 |              85.51 |           72300 |       642 |                  0.549
 2025 | Q1      |                  3 |    13 |            250960 |             22.4 |          880 |        21040 |              90.11 |           53852 |       386 |                  0.330
 2025 | Q2      |                  4 |    13 |            181388 |             17.7 |          766 |        17151 |              88.51 |           59572 |       385 |                  0.329
 2025 | Q3      |                  5 |    13 |            213354 |             19.2 |          765 |        15002 |              89.41 |           46688 |       346 |                  0.296
 2025 | Q4      |                  6 |    13 |            183333 |             15.3 |          681 |        15561 |              88.69 |           56553 |       422 |                  0.361
(6 rows)

 year | quarter | lines_from_bristol | lines_from_daventry | lines_from_warrington | lines_from_livingston | total_lines 
------+---------+--------------------+---------------------+-----------------------+-----------------------+-------------
 2024 | Q3      |                725 |                   0 |                     0 |                     0 |         725
 2024 | Q4      |                766 |                   0 |                     0 |                     0 |         766
 2025 | Q1      |                880 |                   0 |                     0 |                     0 |         880
 2025 | Q2      |                766 |                   0 |                     0 |                     0 |         766
 2025 | Q3      |                765 |                   0 |                     0 |                     0 |         765
 2025 | Q4      |                681 |                   0 |                     0 |                     0 |         681
(6 rows)

 month_of_trading | order_month | demand_lines | demand_units | line_fill_rate_pct | unmet_units | unmet_value_gbp | mean_cover_weeks | zero_days_per_sku_week 
------------------+-------------+--------------+--------------+--------------------+-------------+-----------------+------------------+------------------------
                1 | 2024-07     |          255 |         5548 |              94.90 |         220 |            9769 |              7.5 |                  0.058
                2 | 2024-08     |          200 |         3686 |              81.50 |         489 |           24960 |             10.7 |                  0.414
                3 | 2024-09     |          270 |         6846 |              78.52 |        2079 |           25268 |             14.2 |                  0.729
                4 | 2024-10     |          271 |         5459 |              88.56 |         549 |           23804 |             19.4 |                  0.403
                5 | 2024-11     |          281 |         4975 |              82.92 |         587 |           25045 |             17.8 |                  0.642
                6 | 2024-12     |          214 |         3843 |              85.05 |         452 |           23451 |             18.4 |                  0.591
                7 | 2025-01     |          279 |         6208 |              93.55 |         234 |            4927 |             23.4 |                  0.075
                8 | 2025-02     |          308 |         6360 |              92.21 |         316 |           11759 |             27.7 |                  0.378
                9 | 2025-03     |          293 |         8472 |              84.64 |        3155 |           37166 |             17.5 |                  0.496
               10 | 2025-04     |          303 |         6638 |              86.47 |         870 |           32136 |             13.2 |                  0.433
               11 | 2025-05     |          209 |         4639 |              85.17 |         732 |           15518 |             17.5 |                  0.406
               12 | 2025-06     |          254 |         5874 |              93.70 |         274 |           11917 |             21.6 |                  0.184
               13 | 2025-07     |          225 |         4494 |              89.78 |         188 |           10033 |             21.4 |                  0.156
               14 | 2025-08     |          244 |         4751 |              89.34 |         335 |           14759 |             19.6 |                  0.329
               15 | 2025-09     |          296 |         5757 |              89.19 |         535 |           21897 |             16.5 |                  0.394
               16 | 2025-10     |          266 |         7162 |              86.84 |        1150 |           39227 |             12.9 |                  0.553
               17 | 2025-11     |          202 |         4234 |              85.64 |         521 |           12753 |             13.7 |                  0.438
               18 | 2025-12     |          213 |         4165 |              93.90 |         267 |            4574 |             19.8 |                  0.072
(18 rows)

 calendar_month | bristol_share_pct | warrington_share_pct | daventry_share_pct | livingston_share_pct | bristol_demand_lines 
----------------+-------------------+----------------------+--------------------+----------------------+----------------------
 01             |               2.3 |                  8.5 |               12.1 |                  3.2 |                  279
 02             |               5.4 |                  9.5 |                7.8 |                  6.5 |                  308
 03             |              17.2 |                  5.1 |                7.5 |                  6.6 |                  293
 04             |              14.8 |                  2.7 |                5.1 |                  8.7 |                  303
 05             |               7.2 |                  1.3 |                2.4 |                  6.7 |                  209
 06             |               5.5 |                  2.2 |                4.5 |                  2.3 |                  254
 07             |               4.6 |                  4.5 |                3.5 |                  0.5 |                  225
 08             |               6.8 |                  3.1 |                9.3 |                 12.2 |                  244
 09             |              10.1 |                 13.6 |                5.3 |                 13.6 |                  296
 10             |              18.1 |                 17.0 |               12.9 |                 11.7 |                  266
 11             |               5.9 |                 15.0 |               13.2 |                 19.5 |                  202
 12             |               2.1 |                 17.5 |               16.3 |                  8.5 |                  213
(12 rows)

 category_code | demand_lines | demand_units | share_of_demand_value_pct | unmet_units | unmet_value_gbp | share_of_unmet_value_pct | unmet_share_of_own_demand_pct 
---------------+--------------+--------------+---------------------------+-------------+-----------------+--------------------------+-------------------------------
 DRAIN         |           78 |          899 |                      22.5 |         205 |           19543 |                     28.2 |                          19.3
 PIPE          |          125 |         9783 |                      14.6 |        3089 |           17943 |                     25.9 |                          27.3
 RENW          |           76 |           99 |                      24.4 |          16 |           12706 |                     18.3 |                          11.6
 VALV          |           41 |          296 |                       4.9 |          61 |            5415 |                      7.8 |                          24.6
 HEAT          |           39 |           65 |                       8.7 |           8 |            4837 |                      7.0 |                          12.3
 VENT          |           39 |           84 |                       5.4 |           8 |            4809 |                      6.9 |                          19.7
 ELEC          |          113 |         2432 |                      17.4 |         320 |            3092 |                      4.5 |                           3.9
 TOOL          |           85 |         1452 |                       2.0 |         318 |             958 |                      1.4 |                          10.6
(8 rows)

   trading_period    | demand_lines | demand_units | unmet_units | unmet_value_gbp | unmet_unit_rate_pct 
---------------------+--------------+--------------+-------------+-----------------+---------------------
 1 — months 1 to 3   |          725 |        16080 |        2788 |           59997 |               17.34
 2 — months 4 to 6   |          766 |        14277 |        1588 |           72300 |               11.12
 3 — months 7 to 9   |          880 |        21040 |        3705 |           53852 |               17.61
 4 — months 10 to 12 |          766 |        17151 |        1876 |           59572 |               10.94
 5 — months 13 to 18 |         1446 |        30563 |        2996 |          103242 |                9.80
(5 rows)

 warehouse_code | stocked_positions | mean_reorder_point_weeks | mean_safety_stock_weeks | mean_policy_ceiling_weeks | mean_cover_weeks | mean_policy_age_months 
----------------+-------------------+--------------------------+-------------------------+---------------------------+------------------+------------------------
 WAR            |               105 |                      7.3 |                     3.0 |                      16.7 |             13.3 |                   10.3
 BRS            |                90 |                      7.2 |                     3.4 |                      17.7 |             20.9 |                   10.8
 DAV            |               250 |                     11.6 |                     7.1 |                      26.8 |             21.6 |                   11.7
 LIV            |                70 |                     16.2 |                     9.4 |                      34.4 |             27.6 |                   10.8
(4 rows)

                           measure                           |   value    
-------------------------------------------------------------+------------
 Bristol unmet value 2025 — this file                        | 216665.36
 Bristol unmet value 2025 — file 06 reported 216,665         | 216665.36
 Bristol snapshot rows — 90 SKUs x 78 weeks = 7,020 expected | 7020
 Earliest Bristol snapshot week                              | 2024-07-07
 Bristol movements before the opening date (must be 0)       | 0
 Bristol demand lines before the opening date (must be 0)    | 0
(6 rows)

