SET
DROP VIEW
CREATE VIEW
 category_code | jan  | feb  | mar  | apr  | may  | jun  | jul  | aug  | sep  | oct  | nov  | dec  | total_units 
---------------+------+------+------+------+------+------+------+------+------+------+------+------+-------------
 DRAIN         | 0.79 | 0.86 | 1.17 | 1.15 | 0.88 | 0.84 | 0.99 | 0.86 | 1.19 | 1.51 | 0.99 | 0.76 |       33757
 ELEC          | 1.01 | 0.95 | 0.94 | 1.20 | 0.98 | 1.04 | 0.87 | 0.91 | 0.97 | 1.18 | 0.99 | 0.96 |      108740
 HEAT          | 1.78 | 1.63 | 1.23 | 0.83 | 0.63 | 0.43 | 0.46 | 0.49 | 0.66 | 1.11 | 1.39 | 1.36 |        4987
 PIPE          | 0.93 | 1.02 | 1.05 | 1.06 | 0.91 | 1.02 | 1.07 | 0.90 | 1.03 | 1.16 | 1.00 | 0.86 |      380567
 RENW          | 0.93 | 0.91 | 1.01 | 0.93 | 0.82 | 0.80 | 0.88 | 0.89 | 0.98 | 1.39 | 1.16 | 1.30 |        6295
 TOOL          | 0.97 | 0.98 | 0.97 | 0.97 | 1.00 | 0.99 | 0.98 | 0.93 | 1.06 | 1.27 | 0.99 | 0.89 |       70134
 VALV          | 1.26 | 1.14 | 1.03 | 0.90 | 0.83 | 0.73 | 0.80 | 0.72 | 0.96 | 1.19 | 1.24 | 1.20 |       18025
 VENT          | 0.68 | 0.66 | 0.65 | 0.94 | 1.03 | 1.43 | 1.75 | 1.49 | 1.01 | 1.03 | 0.71 | 0.62 |        6929
(8 rows)

 category_code | peak_demand_month | peak_demand_month_name | peak_shortage_month | peak_shortage_month_name | months_shortage_trails_demand | peak_zero_days_per_sku_week 
---------------+-------------------+------------------------+---------------------+--------------------------+-------------------------------+-----------------------------
 PIPE          |                10 | Oct                    |                   8 | Aug                      |                            10 |                       0.415
 ELEC          |                 4 | Apr                    |                   6 | Jun                      |                             2 |                       0.518
 HEAT          |                 1 | Jan                    |                   3 | Mar                      |                             2 |                       0.786
 RENW          |                10 | Oct                    |                  12 | Dec                      |                             2 |                       0.628
 VALV          |                 1 | Jan                    |                   3 | Mar                      |                             2 |                       0.624
 VENT          |                 7 | Jul                    |                   8 | Aug                      |                             1 |                       0.481
 DRAIN         |                10 | Oct                    |                  10 | Oct                      |                             0 |                       0.511
 TOOL          |                10 | Oct                    |                  10 | Oct                      |                             0 |                       0.295
(8 rows)

 warehouse_code | month_number | month_name | demand_lines | demand_units | demand_index | mean_cover_weeks | cover_index | zero_days | sku_weeks | zero_days_per_sku_week | unmet_units | unmet_value_gbp 
----------------+--------------+------------+--------------+--------------+--------------+------------------+-------------+-----------+-----------+------------------------+-------------+-----------------
 BRS            |            1 | Jan        |           29 |           46 |         0.92 |             17.2 |        0.67 |         0 |        32 |                  0.000 |           3 |            1185
 BRS            |            2 | Feb        |           38 |           66 |         1.32 |             14.5 |        0.57 |        28 |        32 |                  0.875 |          13 |            7414
 BRS            |            3 | Mar        |           21 |           33 |         0.66 |             14.4 |        0.56 |        29 |        40 |                  0.725 |           8 |            4837
 BRS            |            4 | Apr        |           18 |           32 |         0.64 |             17.6 |        0.69 |         2 |        32 |                  0.063 |           0 |               0
 BRS            |            5 | May        |           10 |           17 |         0.34 |             38.7 |        1.52 |         0 |        32 |                  0.000 |           0 |               0
 BRS            |            6 | Jun        |            8 |           18 |         0.36 |             42.0 |        1.65 |         0 |        40 |                  0.000 |           0 |               0
 BRS            |            7 | Jul        |           20 |           48 |         0.96 |             22.7 |        0.89 |         2 |        64 |                  0.031 |           1 |             879
 BRS            |            8 | Aug        |           24 |           48 |         0.96 |             28.8 |        1.13 |         6 |        72 |                  0.083 |           5 |            3108
 BRS            |            9 | Sep        |           25 |           42 |         0.84 |             33.4 |        1.31 |        15 |        72 |                  0.208 |           1 |             461
 BRS            |           10 | Oct        |           41 |           78 |         1.56 |             27.1 |        1.06 |        17 |        64 |                  0.266 |           2 |            1640
 BRS            |           11 | Nov        |           37 |           77 |         1.54 |             19.8 |        0.78 |        35 |        72 |                  0.486 |          13 |            5010
 BRS            |           12 | Dec        |           56 |           95 |         1.90 |             30.0 |        1.18 |        56 |        72 |                  0.778 |          13 |            5980
 DAV            |            1 | Jan        |          218 |          379 |         1.82 |             10.6 |        0.36 |        76 |       248 |                  0.306 |          42 |           26393
 DAV            |            2 | Feb        |          175 |          325 |         1.56 |             14.4 |        0.49 |        76 |       248 |                  0.306 |          30 |           15996
 DAV            |            3 | Mar        |          153 |          276 |         1.33 |             15.6 |        0.53 |       194 |       310 |                  0.626 |          35 |           18200
 DAV            |            4 | Apr        |           88 |          160 |         0.77 |             18.6 |        0.63 |       113 |       248 |                  0.456 |          32 |           19623
 DAV            |            5 | May        |           79 |          144 |         0.69 |             24.4 |        0.83 |        69 |       248 |                  0.278 |          23 |           14079
 DAV            |            6 | Jun        |           49 |           92 |         0.44 |             37.2 |        1.26 |        42 |       310 |                  0.135 |           3 |            1104
 DAV            |            7 | Jul        |           45 |           73 |         0.35 |             42.8 |        1.45 |        28 |       248 |                  0.113 |           0 |               0
 DAV            |            8 | Aug        |           54 |           94 |         0.45 |             54.9 |        1.86 |         7 |       279 |                  0.025 |           3 |             557
 DAV            |            9 | Sep        |           80 |          153 |         0.74 |             48.9 |        1.66 |         7 |       279 |                  0.025 |           0 |               0
 DAV            |           10 | Oct        |          127 |          234 |         1.13 |             38.8 |        1.32 |        28 |       248 |                  0.113 |          15 |           12605
 DAV            |           11 | Nov        |          148 |          265 |         1.28 |             28.5 |        0.97 |        46 |       279 |                  0.165 |          19 |           11197
 DAV            |           12 | Dec        |          153 |          298 |         1.43 |             19.2 |        0.65 |        75 |       279 |                  0.269 |          52 |           38469
 LIV            |            1 | Jan        |           48 |          105 |         1.75 |             12.3 |        0.27 |        49 |        48 |                  1.021 |          13 |            3961
 LIV            |            2 | Feb        |           51 |          112 |         1.86 |             13.9 |        0.31 |        27 |        48 |                  0.563 |          12 |            5051
 LIV            |            3 | Mar        |           32 |           77 |         1.28 |             18.2 |        0.40 |        43 |        60 |                  0.717 |          29 |           15653
 LIV            |            4 | Apr        |           24 |           47 |         0.78 |             25.5 |        0.57 |        22 |        48 |                  0.458 |           8 |            5345
 LIV            |            5 | May        |           17 |           41 |         0.68 |             53.8 |        1.20 |         0 |        48 |                  0.000 |           0 |               0
 LIV            |            6 | Jun        |           14 |           23 |         0.38 |             91.0 |        2.03 |         0 |        60 |                  0.000 |           0 |               0
 LIV            |            7 | Jul        |           19 |           30 |         0.50 |             67.3 |        1.50 |         0 |        48 |                  0.000 |           0 |               0
 LIV            |            8 | Aug        |           10 |           26 |         0.43 |             59.1 |        1.32 |         0 |        54 |                  0.000 |           0 |               0
 LIV            |            9 | Sep        |           13 |           23 |         0.38 |             68.4 |        1.52 |         0 |        54 |                  0.000 |           0 |               0
 LIV            |           10 | Oct        |           24 |           45 |         0.75 |             62.9 |        1.40 |         0 |        48 |                  0.000 |           0 |               0
 LIV            |           11 | Nov        |           32 |          107 |         1.78 |             43.8 |        0.98 |        17 |        54 |                  0.315 |          21 |            9830
 LIV            |           12 | Dec        |           43 |           86 |         1.43 |             22.7 |        0.51 |        49 |        54 |                  0.907 |           9 |            4972
 WAR            |            1 | Jan        |          109 |          209 |         2.14 |              3.5 |        0.11 |        44 |        72 |                  0.611 |          30 |           22047
 WAR            |            2 | Feb        |           98 |          173 |         1.77 |              4.7 |        0.15 |        53 |        72 |                  0.736 |          28 |           16217
 WAR            |            3 | Mar        |           72 |          127 |         1.30 |              8.2 |        0.26 |       127 |        90 |                  1.411 |          25 |           14126
 WAR            |            4 | Apr        |           61 |          105 |         1.08 |             21.0 |        0.67 |        62 |        72 |                  0.861 |          19 |           14638
 WAR            |            5 | May        |           34 |           61 |         0.62 |             29.6 |        0.94 |        24 |        72 |                  0.333 |          12 |            3703
 WAR            |            6 | Jun        |           27 |           45 |         0.46 |             48.0 |        1.52 |         4 |        90 |                  0.044 |           0 |               0
 WAR            |            7 | Jul        |           27 |           39 |         0.40 |             66.3 |        2.10 |        10 |        72 |                  0.139 |           0 |               0
 WAR            |            8 | Aug        |           19 |           37 |         0.38 |             86.2 |        2.73 |         0 |        81 |                  0.000 |           0 |               0
 WAR            |            9 | Sep        |           41 |           57 |         0.58 |             51.5 |        1.63 |         0 |        81 |                  0.000 |           0 |               0
 WAR            |           10 | Oct        |           70 |          106 |         1.09 |             27.4 |        0.87 |        10 |        72 |                  0.139 |           5 |            1215
 WAR            |           11 | Nov        |           73 |          128 |         1.31 |             20.4 |        0.65 |         0 |        81 |                  0.000 |           0 |               0
 WAR            |           12 | Dec        |           60 |           85 |         0.87 |             11.6 |        0.37 |        31 |        81 |                  0.383 |           7 |            5849
(48 rows)

 warehouse_code | month_number | month_name | demand_units | demand_index | mean_cover_weeks | cover_index | zero_days | sku_weeks | zero_days_per_sku_week 
----------------+--------------+------------+--------------+--------------+------------------+-------------+-----------+-----------+------------------------
 BRS            |            1 | Jan        |           13 |         0.19 |             13.8 |        1.18 |         0 |        20 |                  0.000
 BRS            |            2 | Feb        |           27 |         0.39 |             17.7 |        1.53 |         3 |        20 |                  0.150
 BRS            |            3 | Mar        |           40 |         0.58 |             28.1 |        2.41 |         5 |        25 |                  0.200
 BRS            |            4 | Apr        |           44 |         0.64 |             14.5 |        1.25 |         6 |        20 |                  0.300
 BRS            |            5 | May        |           49 |         0.71 |             10.6 |        0.91 |         8 |        20 |                  0.400
 BRS            |            6 | Jun        |           70 |         1.02 |              5.7 |        0.49 |        17 |        25 |                  0.680
 BRS            |            7 | Jul        |          180 |         2.62 |              3.2 |        0.28 |        28 |        40 |                  0.700
 BRS            |            8 | Aug        |          114 |         1.66 |              4.1 |        0.35 |        70 |        45 |                  1.556
 BRS            |            9 | Sep        |          106 |         1.55 |              4.3 |        0.37 |        52 |        45 |                  1.156
 BRS            |           10 | Oct        |           62 |         0.90 |              7.8 |        0.67 |        17 |        40 |                  0.425
 BRS            |           11 | Nov        |           75 |         1.09 |             15.6 |        1.34 |        15 |        45 |                  0.333
 BRS            |           12 | Dec        |           43 |         0.63 |             14.1 |        1.21 |         4 |        45 |                  0.089
 DAV            |            1 | Jan        |          228 |         0.73 |             31.2 |        1.22 |         6 |       248 |                  0.024
 DAV            |            2 | Feb        |          226 |         0.72 |             31.3 |        1.23 |         5 |       248 |                  0.020
 DAV            |            3 | Mar        |          222 |         0.71 |             31.0 |        1.22 |        37 |       310 |                  0.119
 DAV            |            4 | Apr        |          303 |         0.97 |             27.4 |        1.08 |        37 |       248 |                  0.149
 DAV            |            5 | May        |          344 |         1.10 |             29.9 |        1.17 |        11 |       248 |                  0.044
 DAV            |            6 | Jun        |          434 |         1.39 |             21.9 |        0.86 |        63 |       310 |                  0.203
 DAV            |            7 | Jul        |          575 |         1.84 |             17.9 |        0.70 |       106 |       248 |                  0.427
 DAV            |            8 | Aug        |          438 |         1.40 |             16.8 |        0.66 |        58 |       279 |                  0.208
 DAV            |            9 | Sep        |          305 |         0.97 |             16.8 |        0.66 |        61 |       279 |                  0.219
 DAV            |           10 | Oct        |          258 |         0.82 |             19.5 |        0.77 |        91 |       248 |                  0.367
 DAV            |           11 | Nov        |          218 |         0.70 |             28.1 |        1.10 |        95 |       279 |                  0.341
 DAV            |           12 | Dec        |          205 |         0.65 |             34.1 |        1.34 |        27 |       279 |                  0.097
 LIV            |            1 | Jan        |           60 |         0.86 |             20.5 |        0.93 |         0 |        32 |                  0.000
 LIV            |            2 | Feb        |           47 |         0.68 |             25.2 |        1.15 |         0 |        32 |                  0.000
 LIV            |            3 | Mar        |           53 |         0.76 |             25.1 |        1.14 |         4 |        40 |                  0.100
 LIV            |            4 | Apr        |           54 |         0.78 |             36.1 |        1.64 |        20 |        32 |                  0.625
 LIV            |            5 | May        |           71 |         1.02 |             40.2 |        1.83 |         3 |        32 |                  0.094
 LIV            |            6 | Jun        |          120 |         1.72 |             25.1 |        1.14 |         7 |        40 |                  0.175
 LIV            |            7 | Jul        |          103 |         1.48 |              9.8 |        0.45 |         0 |        32 |                  0.000
 LIV            |            8 | Aug        |          114 |         1.64 |              5.9 |        0.27 |        21 |        36 |                  0.583
 LIV            |            9 | Sep        |           53 |         0.76 |             10.4 |        0.47 |        30 |        36 |                  0.833
 LIV            |           10 | Oct        |           78 |         1.12 |             18.6 |        0.85 |         3 |        32 |                  0.094
 LIV            |           11 | Nov        |           45 |         0.65 |             20.6 |        0.94 |         0 |        36 |                  0.000
 LIV            |           12 | Dec        |           37 |         0.53 |             26.3 |        1.20 |         0 |        36 |                  0.000
 WAR            |            1 | Jan        |           94 |         0.74 |             14.7 |        1.37 |         0 |        40 |                  0.000
 WAR            |            2 | Feb        |           80 |         0.63 |             17.7 |        1.65 |         0 |        40 |                  0.000
 WAR            |            3 | Mar        |           63 |         0.50 |             20.8 |        1.94 |         0 |        50 |                  0.000
 WAR            |            4 | Apr        |          141 |         1.12 |             14.3 |        1.33 |         6 |        40 |                  0.150
 WAR            |            5 | May        |          129 |         1.02 |             11.6 |        1.08 |        28 |        40 |                  0.700
 WAR            |            6 | Jun        |          203 |         1.61 |              8.0 |        0.75 |        14 |        50 |                  0.280
 WAR            |            7 | Jul        |          152 |         1.20 |              4.4 |        0.41 |        34 |        40 |                  0.850
 WAR            |            8 | Aug        |          192 |         1.52 |              3.0 |        0.28 |        46 |        45 |                  1.022
 WAR            |            9 | Sep        |          121 |         0.96 |              7.6 |        0.71 |         4 |        45 |                  0.089
 WAR            |           10 | Oct        |          199 |         1.58 |              7.1 |        0.66 |        12 |        40 |                  0.300
 WAR            |           11 | Nov        |           70 |         0.55 |              8.2 |        0.76 |        29 |        45 |                  0.644
 WAR            |           12 | Dec        |           71 |         0.56 |             11.4 |        1.06 |        10 |        45 |                  0.222
(48 rows)

 category_code | warehouse_code | months_observed | corr_demand_vs_cover | corr_demand_vs_shortage | demand_index_range | cover_index_range 
---------------+----------------+-----------------+----------------------+-------------------------+--------------------+-------------------
 DRAIN         | BRS            |              12 |                 0.49 |                    0.35 |               1.18 |              1.13
 DRAIN         | DAV            |              12 |                -0.47 |                    0.12 |               0.78 |              0.90
 DRAIN         | LIV            |              12 |                -0.39 |                   -0.29 |               0.98 |              1.21
 DRAIN         | WAR            |              12 |                -0.06 |                    0.38 |               0.94 |              0.88
 HEAT          | BRS            |              12 |                -0.29 |                    0.60 |               1.56 |              1.09
 HEAT          | DAV            |              12 |                -0.76 |                    0.47 |               1.47 |              1.50
 HEAT          | LIV            |              12 |                -0.81 |                    0.79 |               1.48 |              1.76
 HEAT          | WAR            |              12 |                -0.82 |                    0.55 |               1.76 |              2.62
 VENT          | BRS            |              12 |                -0.68 |                    0.70 |               2.43 |              2.13
 VENT          | DAV            |              12 |                -0.69 |                    0.48 |               1.19 |              0.68
 VENT          | LIV            |              12 |                -0.38 |                    0.11 |               1.19 |              1.56
 VENT          | WAR            |              12 |                -0.67 |                    0.42 |               1.11 |              1.66
(12 rows)

 category_code | warehouse_code | lines | mean_peak_to_average | reorder_point_in_average_months | reorder_point_in_peak_months | lines_under_half_a_peak_month 
---------------+----------------+-------+----------------------+---------------------------------+------------------------------+-------------------------------
 DRAIN         | BRS            |     9 |                 2.40 |                            0.73 |                         0.33 |                             8
 DRAIN         | WAR            |    11 |                 1.96 |                            0.78 |                         0.40 |                             7
 DRAIN         | LIV            |     7 |                 2.78 |                            1.36 |                         0.54 |                             3
 DRAIN         | DAV            |    28 |                 2.18 |                            1.29 |                         0.60 |                            11
 HEAT          | WAR            |     9 |                 2.33 |                            0.98 |                         0.43 |                             7
 HEAT          | BRS            |     8 |                 2.23 |                            1.19 |                         0.55 |                             4
 HEAT          | DAV            |    29 |                 2.30 |                            1.58 |                         0.72 |                             7
 HEAT          | LIV            |     6 |                 2.50 |                            1.74 |                         0.74 |                             1
 RENW          | BRS            |     3 |                 1.58 |                            0.52 |                         0.33 |                             3
 RENW          | WAR            |     3 |                 1.53 |                            0.51 |                         0.33 |                             3
 RENW          | LIV            |     3 |                 1.81 |                            0.88 |                         0.50 |                             2
 RENW          | DAV            |    31 |                 1.89 |                            1.44 |                         0.79 |                             6
 VENT          | BRS            |     5 |                 2.78 |                            0.75 |                         0.27 |                             5
 VENT          | WAR            |     5 |                 2.03 |                            0.70 |                         0.37 |                             4
 VENT          | DAV            |    30 |                 2.36 |                            1.64 |                         0.73 |                             9
 VENT          | LIV            |     4 |                 1.93 |                            1.76 |                         0.92 |                             0
(16 rows)

 month_number | month_name | warrington_demand_units | warrington_zero_days | warrington_zero_days_per_week | other_sites_zero_days_per_week | warrington_demand_lines | warrington_unmet_units | warrington_unmet_gbp 
--------------+------------+-------------------------+----------------------+-------------------------------+--------------------------------+-------------------------+------------------------+----------------------
            1 | Jan        |                     209 |                   44 |                         0.611 |                          0.381 |                     109 |                     30 |                22047
            2 | Feb        |                     173 |                   53 |                         0.736 |                          0.399 |                      98 |                     28 |                16217
            3 | Mar        |                     127 |                  127 |                         1.411 |                          0.649 |                      72 |                     25 |                14126
            4 | Apr        |                     105 |                   62 |                         0.861 |                          0.418 |                      61 |                     19 |                14638
            5 | May        |                      61 |                   24 |                         0.333 |                          0.210 |                      34 |                     12 |                 3703
            6 | Jun        |                      45 |                    4 |                         0.044 |                          0.102 |                      27 |                      0 |                    0
            7 | Jul        |                      39 |                   10 |                         0.139 |                          0.083 |                      27 |                      0 |                    0
            8 | Aug        |                      37 |                    0 |                         0.000 |                          0.032 |                      19 |                      0 |                    0
            9 | Sep        |                      57 |                    0 |                         0.000 |                          0.054 |                      41 |                      0 |                    0
           10 | Oct        |                     106 |                   10 |                         0.139 |                          0.125 |                      70 |                      5 |                 1215
           11 | Nov        |                     128 |                    0 |                         0.000 |                          0.242 |                      73 |                      0 |                    0
           12 | Dec        |                      85 |                   31 |                         0.383 |                          0.444 |                      60 |                      7 |                 5849
(12 rows)

